\datatype=fitshdr
| cntr|  ctype1|  ctype2|naxis1|naxis2|    crval1|    crval2|    crpix1|    crpix2|     cdelt1|     cdelt2|  crota2|equinox|                               file|
|  int|    char|    char|   int|   int|    double|    double|    double|    double|     double|     double|  double|    int|                               char|
     1 RA---TAN DEC--TAN    520   1030 210.835222  54.367562    1129.00    1095.00 -0.00027778  0.00027778 359.94717    2000 c2mass-atlas-990214n-j1200256.fits
     2 RA---TAN DEC--TAN    513     57 210.835222  54.367562     258.00    1100.00 -0.00027778  0.00027778 359.94717    2000 c2mass-atlas-990214n-j1180266.fits
     3 RA---TAN DEC--TAN     81    266 210.835222  54.367562    1130.00    1099.00 -0.00027778  0.00027778 359.94717    2000 c2mass-atlas-990214n-j1210009.fits
     4 RA---TAN DEC--TAN    514     65 210.835222  54.367562    1129.00    1100.00 -0.00027778  0.00027778 359.94717    2000 c2mass-atlas-990214n-j1200266.fits
     5 RA---TAN DEC--TAN    514    259 210.835222  54.367562     694.00    1100.00 -0.00027778  0.00027778 359.94717    2000 c2mass-atlas-990214n-j1190009.fits
     6 RA---TAN DEC--TAN    517   1027 210.835222  54.367562     693.00     898.00 -0.00027778  0.00027778 359.94717    2000 c2mass-atlas-990214n-j1190021.fits
     7 RA---TAN DEC--TAN     89   1027 210.835222  54.367562    1129.00     890.00 -0.00027778  0.00027778 359.94717    2000 c2mass-atlas-990214n-j1210021.fits
     8 RA---TAN DEC--TAN    518   1028 210.835222  54.367562    -606.00     124.00 -0.00027778  0.00027778 359.94717    2000 c2mass-atlas-990214n-j1100244.fits
     9 RA---TAN DEC--TAN    517   1027 210.835222  54.367562     689.00     -72.00 -0.00027778  0.00027778 359.94717    2000 c2mass-atlas-990214n-j1190032.fits
    10 RA---TAN DEC--TAN    516   1027 210.835222  54.367562    -173.00     -72.00 -0.00027778  0.00027778 359.94717    2000 c2mass-atlas-990214n-j1110032.fits
    11 RA---TAN DEC--TAN    515    254 210.835222  54.367562    -605.00    -846.00 -0.00027778  0.00027778 359.94717    2000 c2mass-atlas-990214n-j1100232.fits
    12 RA---TAN DEC--TAN     95     52 210.835222  54.367562   -1034.00   -1048.00 -0.00027778  0.00027778 359.94717    2000 c2mass-atlas-990214n-j1090044.fits
    13 RA---TAN DEC--TAN     95   1022 210.835222  54.367562   -1034.00     -78.00 -0.00027778  0.00027778 359.94717    2000 c2mass-atlas-990214n-j1090032.fits
    14 RA---TAN DEC--TAN     80    263 210.835222  54.367562   -1049.00    1099.00 -0.00027778  0.00027778 359.94717    2000 c2mass-atlas-990214n-j1090009.fits
    15 RA---TAN DEC--TAN    514    259 210.835222  54.367562    -177.00    1100.00 -0.00027778  0.00027778 359.94717    2000 c2mass-atlas-990214n-j1110009.fits
    16 RA---TAN DEC--TAN    514   1027 210.835222  54.367562     257.00     130.00 -0.00027778  0.00027778 359.94717    2000 c2mass-atlas-990214n-j1180244.fits
    17 RA---TAN DEC--TAN    513     64 210.835222  54.367562    -616.00    1100.00 -0.00027778  0.00027778 359.94717    2000 c2mass-atlas-990214n-j1100266.fits
    18 RA---TAN DEC--TAN    514   1027 210.835222  54.367562     258.00    1100.00 -0.00027778  0.00027778 359.94717    2000 c2mass-atlas-990214n-j1180256.fits
    19 RA---TAN DEC--TAN    518   1028 210.835222  54.367562    -611.00    1094.00 -0.00027778  0.00027778 359.94717    2000 c2mass-atlas-990214n-j1100256.fits
    20 RA---TAN DEC--TAN     88   1026 210.835222  54.367562   -1042.00     892.00 -0.00027778  0.00027778 359.94717    2000 c2mass-atlas-990214n-j1090021.fits
    21 RA---TAN DEC--TAN    516   1027 210.835222  54.367562    -175.00     898.00 -0.00027778  0.00027778 359.94717    2000 c2mass-atlas-990214n-j1110021.fits
    22 RA---TAN DEC--TAN    520   1030 210.835222  54.367562    1122.00     125.00 -0.00027778  0.00027778 359.94717    2000 c2mass-atlas-990214n-j1200244.fits
    23 RA---TAN DEC--TAN    100   1019 210.835222  54.367562    1130.00     -80.00 -0.00027778  0.00027778 359.94717    2000 c2mass-atlas-990214n-j1210032.fits
    24 RA---TAN DEC--TAN    515    255 210.835222  54.367562    1116.00    -845.00 -0.00027778  0.00027778 359.94717    2000 c2mass-atlas-990214n-j1200232.fits
    25 RA---TAN DEC--TAN    514     58 210.835222  54.367562     686.00   -1042.00 -0.00027778  0.00027778 359.94717    2000 c2mass-atlas-990214n-j1190044.fits
    26 RA---TAN DEC--TAN    514    260 210.835222  54.367562     256.00    -840.00 -0.00027778  0.00027778 359.94717    2000 c2mass-atlas-990214n-j1180232.fits
    27 RA---TAN DEC--TAN    514     58 210.835222  54.367562    -173.00   -1042.00 -0.00027778  0.00027778 359.94717    2000 c2mass-atlas-990214n-j1110044.fits
    28 RA---TAN DEC--TAN     99     49 210.835222  54.367562    1129.00   -1050.00 -0.00027778  0.00027778 359.94717    2000 c2mass-atlas-990214n-j1210044.fits
