# time (in min)
# time per exchange 
 27.8   27.8      1
 55.7   28.0      1
 85.7   29.9      1
113.8   28.1      1
123.1    9.4      2
132.1    9.0      2
141.1    9.0      2
149.0    8.0      2
158.1    9.1      2
168.1   10.0      2
178.5   10.4      3
187.7    9.3      3
197.5    9.7      3
207.1    9.6      3
210.2    3.1      4
213.2    3.0      4
216.0    2.9      4
219.0    3.0      4
222.2    3.2      4
227.7    5.4      4
233.3    5.6      4
237.4    4.1      4
240.8    3.4      8
243.6    2.8      8
246.6    3.0      8
249.5    2.9      8
252.5    3.0      8
255.4    2.9      8
258.1    2.7      8
261.4    3.3      8
265.9    4.6      8
269.0    3.1      8
272.0    3.0      8
275.0    3.0      8
      








































































































